00005629
00006322
00006323
00007080
00007668
00007778
00008474
00008747
00013499
00016934
00032112
00032129
00110792
00158787
00168076
00186520
00186536
00190414
00190420
00191230
00191282
00191307
00191454
00191773
00191885
00192494
00196204
00201081
00203134
00204783
00207132
00211004
00216757
00217417
00217679
00218271
00218325
00218331
00218615
00220434
00222226
00222338
00222462
00222999
00223243
00226106
00231610
00236010
00292480
00292988
00293255
00321842
00380735
00388808
00480247
00481318
00693517
00954337
01029939
01038699
01056280
01116130
01125560
01234970
01373329
01412377
01729179
01748692
01985251
02005450
02023034
02025849
02070766
02128158
02132444
02215928
02359946
02403446
02541349
02568147
02568182
02568325
02944828
02944863
02970062
03113489
03120259
03210577
03288941
03329723
03341305
03363192
03490909
03500016
03567397
03828348
03908321
03925979
03967576
03967760
03972608
04015682
04107254
04192959
04601469
04725941
04819211
04850451
04873009
05393056
05393116
05393145
05393406
05402789
05409685
05410719
05417331
05417791
05467228
05477758
05495377
05747991
05748772
05750295
05755571
05757883
05758730
05761850
05763599
05763642
05766356
05785448
05785454
05796417
05808853
05837085
06023150
06711297
06959117
09305480
09804119
09806443
09822784
12878417
12951976
13301973
13331945
13392898
13422783
13424434
13428292
13436070
13437017
13437402
13445146
13446177
13447085
13455759
13463115
13469980
13471221
13471238
13474113
13511529
13521077
13560410
13606170
13609872
13619178
13624707
13625993
13626132
13626994
13634835
13638750
13647695
13719491
13734376
13769848
13938392
13941224
14016737
14064191
14090857
14105464
14107262
14111810
14242882
14282829
14290527
14291113
14300875
14305909
14307417
14307430
14307771
14307794
14308368
14310170
14326366
14333937
14347262
14352406
14360506
14360570
14360570
14361575
14367980
16297019
16462524
16606170
19039522
19087191
19090323
19097947
19099018
19143995
19264196
19269466
19274160
19304381
19305558
19320279
19344937
19355562
19364229
19365112
19371667
19390819
19430817
19430915
19431932
19434563
19463435
19488464
20014085
20038832
20041662
20042839
20070451
20113829
20115337
20147030
20195299
20197631
20200379
20201002
20205359
20206809
20208524
20209044
20228099
20242691
20243503
20245005
20245100
20250124
20253341
20258120
20259361
20262860
20267355
20267461
20272350
20273697
20274604
20303352
20332460
20333672
20344871
20475165
20482343
20527809
20572069
20582102
20602681
20796716
20953647
21111749
21118786
21133352
21188746
21193552
21203457
21256123
21269568
21322127
21326993
21509937
21523475
21547168
21550555
21587162
21591117
21612090
21620296
21671036
21673832
21685166
21804553
21841175
21853959
21856828
21858879
21861166
21861456
21861580
21862102
21864213
21870366
21871578
21877138
21885037
21908502
21910427
21914796
21920397
21922181
21928077
21941296
21945093
22035128
22049061
22075798
22078853
22133078
22137260
22137620
22152101
22152963
22165569
22176001
22215468
22342296
22427805
22644531
22653263
22899567
22925230
22961823
23072410
23072723
23104972
23150966
23162194
23162981
23181754
23222239
23266835
23284804
23286335
23343582
23357437
23359034
23359086
23359123
23365804
23369086
23369624
23373726
23392043
23462996
23468987
23485968
23494714
23522853
23526294
23534891
23535778
23602486
23633541
23646963
23697280
23712944
23728738
23760908
23764970
23777180
23791777
23794327
23796355
23812953
23847638
23851781
23857080
23881078
23909888
23931534
23934596
23940384
23941343
23944784
23946642
24070347
24083083
24112229
24176815
24211345
24232459
24236144
24237528
24238090
24238290
24241659
24263135
24271459
24330995
24346849
24421686
24428903
24435470
24436765
24437428
24445540
24511314
24587464
24588541
24600302
24609013
24721069
24723335
24724151
24738845
24777928
24790030
24911663
24911870
24942675
24962494
24988693
24990361
24991515
24994560
24999215
25003324
25003962
25004022
25009918
25010407
25015267
25018030
25021316
25021641
25023143
25083240
25185087
25214009
25217255
25219627
25228520
25230066
25235141
25270048
25298453
25301932
25347041
25418396
25454831
25462405
25464226
25475595
25475945
25476560
25480917
25483198
25487724
25515001
25516704
25519068
25523816
25526625
25529322
25529888
25543196
25544617
25547113
25554952
25604288
25610685
25640097
25641036
25644276
25655920
25721611
25771603
25840735
25959784
26049831
26049920
26196207
26209430
26237202
26239738
26355982
26425352
26451875
26601837
26614840
26817179
27331661
29691495
30012785
30033103
30037600
30045061
30045124
30077685
30096032
30096226
30105738
30115243
30116289
30131789
30132850
30132981
30168515
30175077
30195664
30198424
30201489
30235387
30235544
30242436
30260429
30268475
30269505
30275866
30291682
30319202
30332676
30332681
30354972
30370711
30402235
30415170
30424720
30428944
30431784
30436473
30443407
30454733
30460911
30469760
30474262
30475486
30477609
30482268
30516477
30521500
30521888
30534724
30540303
30544238
30568711
30581004
30600236
30602249
30608759
30627766
30627944
30637114
30644231
30669675
30676394
30687448
30688127
30688237
30696054
30708258
30708750
30713116
30728887
30741269
30745294
30754901
30804606
30806493
30809646
30832172
30852450
30852549
30859524
30860173
30866547
30883726
30921974
30922208
30926071
30926946
30938752
30941000
30941278
30952426
30957822
30959201
30968986
30971648
30972222
30991664
30992500
30997968
31008937
31017585
31032818
31036697
31037004
31037533
31037821
31051720
31076588
31083684
31091150
31094533
31095003
31100615
31111868
31114963
31119668
31119799
31120013
31139857
31147119
31147171
31150404
31152223
31153190
31167067
31171581
31175000
31177803
31190283
31198802
31216868
31217091
31223325
31230458
31251310
31251512
31254699
31272519
31300797
31308581
31316718
31321115
31344216
31371187
31371449
31379385
31384531
31385378
31385598
31406440
31426445
31433908
31434194
31436448
31438068
31459067
31460601
31466053
31467429
31468024
31479020
31482583
31495420
31497076
31497301
31502604
31504266
31516486
31517647
31527482
31540042
31540498
31540641
31544251
31550092
31550176
31557302
31559190
31559582
31564262
31573041
31573282
31574351
31577458
31613838
31624085
31624436
31632520
31638009
31640374
31644520
31645215
31646266
31648719
31658156
31659154
31659485
31662445
31685169
31687564
31688070
31720260
31741060
31760880
31761141
31762028
31764816
31777280
31781365
31788753
31789596
31793056
31798468
31799063
31800576
31816298
31820440
31821381
31848927
31850606
31852954
31858453
31862978
31874653
31897749
31899772
31912190
31932788
31932840
31942106
31950868
31958937
31959251
31965106
31968945
31996862
32006967
32007253
32029481
32030221
32035427
32036829
32040272
32040840
32046030
32047008
32049251
32062230
32068473
32079265
32082608
32082770
32090430
32090865
32107920
32116385
32130221
32131309
32134294
32139893
32174211
32176528
32185218
32185616
32193040
32195027
32195137
32197697
32232765
32235965
32236749
32239797
32241041
32242731
32242794
32246694
32255012
32263898
32272525
32281236
32285225
32310523
32314748
32343302
32348798
32349901
32351313
32354073
32358806
32365441
32408008
32431676
32440649
32441692
32448449
32460932
32466248
32470893
32470909
32490244
32495221
32495986
32508612
32510019
32510553
32527242
32536262
32561147
32565419
32568467
32585126
32592039
32611323
32616473
32616520
32631784
32634104
32639930
32640621
32649399
32650556
32654880
32660260
32673903
32676967
32677185
32679601
32688251
32689426
32693704
32694279
32696035
32713956
32726106
32729463
32741758
32746164
32760571
32762123
32773973
32794258
32805596
32811327
32814600
32820389
32821859
32835699
32837895
32838690
32842564
32850881
32853646
32859950
32868567
32876447
32876520
32879254
32881064
32882932
32887506
32887574
32887658
32888887
32895716
32902419
32902513
32926094
32931937
32947973
32949148
32952145
32952585
32952669
32958189
32958854
32965023
32980408
32988082
33000971
33004887
33019296
33054189
33081102
33088705
33096208
33108815
33109845
33112952
33115749
33116297
33116323
33116889
33119570
33120036
33122583
33128716
33134358
33134397
33139540
33152597
33175284
33183468
33183798
33184723
33185235
33185470
33190684
33226951
33238878
33243076
33273315
33274874
33286041
33287328
33299265
33299972
33304128
33320092
33323679
33324977
33325242
33326775
33333101
33338597
33338873
33339061
33339135
33339249
33339517
33339559
33376276
33376957
33383131
33384423
33391744
33398849
33399780
33403744
33404795
33406510
33421150
33423488
33437218
33474328
33475509
33499080
33515725
33517193
33527835
33527903
33536263
33541852
33542497
33560280
33562712
33563538
33580328
33602860
33612019
33614922
33634961
33641170
33641265
33652727
33654258
33654593
33667775
33667838
33668606
33669201
33669264
33671383
33703603
33707063
33717569
33718248
33718431
33718943
33719000
33750957
33758872
33759787
33769837
33770177
33770533
33771228
33804724
33805403
33808158
33826161
33852406
33856636
33857210
33872747
33892463
33895476
33907355
33907711
33931985
33937259
33959183
33971703
33974259
33974531
33975378
33992917
34003237
34003575
34031183
34042478
34046231
34048360
34160661
34167672
34183846
34190717
34195668
34201283
34201977
34220657
34229382
34229656
34229927
34230288
34231098
34242005
34245231
34247003
34268023
34283984
34288558
34288647
34290860
34299837
34315963
34316747
34317599
34331566
34343964
34350636
34355058
34359534
34364539
34365438
34366803
34380393
34387823
34390588
34392042
34408434
34409800
34410773
34413182
34414815
34440070
34468095
34489010
34495511
34497655
34499484
34499579
34502350
34504489
34512636
34513011
34514062
34514392
34520474
34539087
34541033
34562247
34562797
34563408
34575371
34589845
34600622
34605552
34607649
34610599
34611042
34621532
34626441
34628124
34655184
34655933
34656151
34657129
34662008
34665302
34673685
34678112
34694401
34706280
34711238
34726637
34731343
34734370
34743542
34745288
34774319
34774502
34774770
34775113
34775218
34775265
34810550
34822634
34823863
34824872
34825038
34827056
34836940
34878645
34883770
34883828
34883917
34884334
34884821
34885008
34911011
34914515
34919031
34919314
34927414
34930385
34959708
34984247
34984467
34984488
34984493
34984509
34984523
34984540
34984776
34985371
35004297
35013275
35018577
35025411
35037081
35037170
35037364
35042306
35043011
35043081
35057087
35059765
35064529
35066573
35069910
35079231
35081104
35112231
35113848
35114066
35116750
35116943
35117711
35122632
35151789
35164503
35165938
35183061
35191554
35201829
35202765
35208321
35212599
35213965
35230032
35253290
35253903
35268360
35268422
35300958
35304655
35315676
35323603
35348663
35362637
35369496
35380525
35384231
35395547
35396734
35396964
35402590
35421257
35444426
35447668
35447830
35448965
35450424
35469414
35476725
35477006
35477357
35477760
35484610
35484762
35487040
35492223
35492862
35493630
35495711
35497551
35497808
35498974
35499501
35524202
35527673
35527787
35537363
35544103
35544475
35544517
35553411
35560188
35570505
35572680
35584366
35588486
35588769
35589055
35589537
35589558
35591059
35596172
35601501
35604942
35609343
35609825
35609909
35615734
35625082
35628104
35636010
35645952
35646516
35663107
35679761
35681058
35681592
35682580
35699369
35711417
35719615
35725676
35728499
35740762
35775727
35784726
35805803
35807135
35822064
35823576
35832123
35835796
35854536
35857343
35858132
35858719
35861894
35862992
35863210
35863708
35864408
35864628
35907116
35913109
35928576
35929826
35932839
35932886
35932975
35935431
35937067
35938254
35946773
35947061
35953655
35957125
35971490
35972871
35985880
35987301
35987521
35990988
36007849
36015137
36016172
36019770
36029113
36032304
36044849
36049391
36052357
36052818
36053371
36053387
36053445
36054658
36057973
36064603
36065675
36075657
36082245
36085047
36086674
36094444
36095254
36095500
36095914
36097775
36110921
36117204
36130288
36136929
36151010
36162168
36162351
36162765
36162786
36162791
36163334
36167454
36181730
36203884
36207156
36207423
36207643
36208453
36218718
36220109
36222834
36223817
36226451
36234263
36248687
36271200
36276371
36295153
36295923
36307268
36321235
36321387
36325219
36337601
36358380
36363275
36367615
36370552
36372997
36386879
36408876
36413467
36415474
36419123
36429388
36437713
36439731
36439925
36440401
36440789
36441117
36441138
36441363
36441934
36442168
36446728
36449430
36452972
36453164
36456783
36456872
36462205
36469918
36470420
36471838
36474100
36491016
36493783
36494404
36494614
36495471
36495890
36496517
36530971
36546824
36549008
36549406
36572524
36573198
36589014
36617528
36618207
36618610
36630287
36631914
36639159
36639164
36639185
36641427
36676101
36710304
36712055
36715716
36716332
36719506
36722828
36723785
36727716
36727873
36728711
36734168
36758519
36794756
36795131
36799749
36817867
36817925
36840058
36840681
36841397
36848790
36858311
36865753
36876283
36886108
36892771
36902941
36905104
36906553
36911851
36911977
36919159
36922224
36940018
36940285
36960427
36961127
36961295
36962487
36962754
36964861
36977082
36980862
36984872
36988835
36989671
36989912
37002438
37004566
37005858
37006008
37006076
37006867
37007258
37017821
37020326
37020860
37029549
37029994
37030677
37053099
37056064
37069314
37071130
37071365
37071386
37074476
37081090
37082932
37090409
37095737
37099930
37129341
37141133
37149174
37149514
37149724
37149771
37149787
37149855
37159266
37162483
37163686
37164611
37193071
37211493
37212518
37213176
37213464
37213747
37228533
37243629
37245255
37246568
37251981
37259577
37268230
37268948
37274747
37276209
37283133
37290271
37290381
37290769
37293534
37300745
37301026
37301052
37302962
37303065
37311301
37333587
37338742
37346858
37351098
37358046
37368232
37368253
37368908
37371643
37374089
37374864
37375281
37376264
37376273
37376332
37385017
37395622
37395837
37399020
37411214
37425850
37431623
37441799
37451739
37451922
37452156
37452219
37452486
37452528
37453055
37453056
37453977
37453997
37454923
37459350
37461045
37473181
37476004
37482264
37483556
37494112
37496722
37502259
37517747
37530038
37538264
37538510
37538531
37540561
37547876
37552383
37558013
37560840
37567646
37576142
37581660
37582601
37591925
37599615
37604572
37607636
37616221
37617639
37619490
37619589
37619939
37620526
37621121
37621975
37641750
37645891
37647946
37648012
37649461
37656348
37658193
37660511
37665043
37670467
37674503
37675397
37680244
37683607
37688846
37688992
37693620
37693840
37701463
37712014
37715062
37723728
37723974
37732051
37732224
37733998
37738933
37747487
37747885
37757186
37806217
37806353
37806987
37807996
37809883
37812854
37813685
37816948
37823176
37857544
37863825
37872054
37874947
37877382
37898706
37898800
37899689
37900568
37901100
37901472
37922246
37924070
37930566
37937294
37941997
37948924
37949514
37951998
37952092
37959255
37959260
37961273
37963937
37970404
37970593
37985505
37987371
37987654
37987675
37988155
37988244
37988808
37989049
37989269
37989274
37992781
37993783
37999649
38010544
38012384
38016918
38020091
38037409
38043082
38053310
38063292
38073300
38093463
38103007
38105080
38109221
38113552
38114294
38115041
38141333
38141768
38146352
38146855
38153930
38158923
38159712
38167697
38169102
38193706
38198332
38199273
38208827
38233883
38234684
38242213
38256179
38271820
38274198
38274659
38279751
38284929
38298439
38299008
38299846
38300484
38301006
38301210
38306439
38312505
38315155
38321478
38326565
38333525
38339658
38351832
38354938
38355638
38359737
38359852
38359999
38360187
38360454
38360475
38360681
38361395
38361641
38362137
38362603
38363229
38375523
38384903
38392360
38393343
38394897
38395948
38408045
38415749
38419874
38424093
38430065
38431598
38431713
38431891
38432167
38432235
38432900
38433438
38442274
38448109
38453737
38470333
38470642
38474935
38475263
38485931
38493680
38494270
38495063
38495494
38505046
38508670
38509297
38510412
38511112
38511814
38517114
38520572
38524053
38524210
38527887
38528304
38528330
38530182
38530643
38534242
38552955
38553084
38554470
38563045
38563946
38574958
38578858
38591219
38597650
38598444
38599254
38599328
38599585
38599658
38600516
38613043
38614763
38630912
38632417
38633599
38634278
38634828
38657955
38659397
38676831
38677154
38677657
38677793
38678226
38678671
38692591
38692633
38693422
38695613
38695629
38699540
38699576
38699581
38706059
38707969
38713820
38732487
38740236
38752278
38752461
38753601
38754537
38754652
38754935
38754940
38758662
38761005
38783840
38788613
38799405
38802653
38814014
38814538
38834418
38835584
38836022
38836258
38836829
38837864
38843438
38855464
38868358
38868777
38882880
38888772
38895596
38897076
38902409
38920220
38920229
38922844
38924684
38929750
38935167
38944674
38945311
38948552
38953914
38959607
38965374
38966043
38977343
38978724
38982264
38983006
38983336
38988348
38988439
38991944
38992597
38997616
38998164
39003040
39005713
39011376
39014602
39018350
39024317
39025808
39026314
39028636
39037970
39038120
39039936
39040208
39046608
39052576
39055570
39055701
39056312
39058312
39064674
39068553
39076056
39080125
39080188
39080408
39082735
39085487
39086373
39090479
39092057
39094190
39095854
39098305
39102693
39103655
39111446
39117652
39142390
39157763
39158814
39163672
39165622
39167174
39178563
39181419
39182386
39200703
39201657
39204687
39206071
39206553
39208519
39212436
39217895
39219777
39221524
39224897
39225513
39225534
39225644
39230518
39231815
39235741
39244997
39246821
39248284
39252400
39259428
39269278
39275056
39286644
39290650
39292197
39293850
39302299
39305441
39307635
39307957
39307999
39308050
39312527
39318948
39320758
39321678
39325248
39329530
39333274
39341060
39341411
39345442
39355560
39355644
39364360
39366001
39371603
39375550
39376575
39377370
39386405
39387021
39394856
39401276
39403399
39404434
39410453
39412597
39417349
39419990
39421732
39421842
39422191
39431892
39439430
39448981
39455667
39459368
39460745
39461555
39463552
39465628
39477984
39480405
39485162
39486150
39486805
39490434
39491019
39496918
39499877
39500321
39500944
39501079
39503390
39507154
39508708
39510083
39510447
39514748
39517230
39521048
39521797
39521839
39524007
39524101
39524295
39528415
39528504
39529183
39531695
39535265
39538030
39543999
39544767
39548274
39548960
39551329
39559362
39562042
39564055
39564830
39578089
39579999
39583350
39588888
39589111
39595999
39596155
39596595
39620670
39622347
39631131
39638839
39648187
39648370
39653946
39655330
39655535
39663252
39668292
39669212
39669322
39669647
39670872
39672094
39675891
39679536
39681292
39684654
39687027
39690582
39691405
39695504
39696885
39697716
39698945
39701580
39702584
39704162
39707535
39707598
39708151
39708785
39710291
39714139
39716864
39720116
39722312
39724194
39725360
39725533
39726343
39728335
39734527
39734820
39734946
39736257
39745193
39750423
39751689
39753876
39762659
39762786
39770544
39772159
39775233
39776745
39778543
39782900
39783490
39792992
39795773
39796515
39803464
39803574
39819783
39824416
39824919
39831051
39834670
39836620
39840024
39856762
39864087
39879512
39883969
39889384
39903492
39906472
39908710
39911461
39916742
39917311
39921092
39922646
39925212
39936233
39936989
39941428
39947110
39947325
39952911
39956937
39957035
39961837
39961838
39967933
39968078
39968214
39968434
39968853
39983232
39986537
39986631
39993371
39997507
39998102
39998542
39999745
40011416
40012100
40019504
40026679
40031500
40039798
40042486
40045639
40054129
40059369
40060636
40064075
40068059
40070822
40071391
40075176
40075815
40077283
40081017
40081237
40081258
40081373
40083082
40084505
40093525
40094859
40097954
40099134
40100448
40109173
40109236
40109896
40111046
40114576
40116201
40116238
40116348
40121452
40126906
40127606
40127915
40129315
40144642
40146681
40149195
40158152
40158393
40163655
40164208
40166268
40171278
40190311
40192193
40193160
40197228
40197977
40204947
40207010
40212649
40222018
40222662
40223053
40231750
40233648
40234039
40234374
40236900
40239875
40240110
40244492
40246044
40248460
40257496
40265690
40267897
40269208
40271442
40274616
40277355
40277470
40278390
40281382
40284116
40286197
40291013
40292310
40292389
40301323
40305680
40316488
40320505
40325120
40327128
40328493
40329429
40331396
40344578
40346748
40351894
40352311
40359593
40368426
40368630
40371439
40373682
40374801
40377048
40383893
40392349
40393473
40396940
40400066
40400333
40406492
40407208
40412108
40417902
40419339
40423612
40424422
40427343
40438770
40457222
40464685
40466462
40469180
40470369
40472057
40479246
40488690
40500707
40519388
40521030
40525805
40526840
40527210
40529883
40536983
40545910
40546212
40551238
40551877
40559843
40565350
40572923
40575772
40576305
40585838
40587861
40611113
40612248
40614402
40623600
40633907
40637875
40651030
40665310
40682399
40687679
40693348
40693877
40694226
40705426
40710368
40715104
40720381
40721170
40733799
40734546
40739446
40750827
40761763
40768067
40803621
40806615
40808240
40810967
40813046
40813837
40814453
40821827
40826191
40829847
40835096
40840174
40840242
40848765
40864441
40869434
40872489
40877513
40878412
40880437
40880490
40882738
40883679
40884405
40884441
40890995
40892264
40910534
40914220
40916248
40917833
40924510
40924641
40924746
40927490
40928337
40934211
40935683
40938334
40940066
40942571
40945195
40945483
40949451
40951172
40955821
40958419
40968046
40968301
40969635
40974797
40975387
40983398
40989515
40994719
41008577
41008928
41010000
41010958
41019306
41022900
41026926
41027626
41031412
41031428
41031522
41041698
41042403
41042650
41049964
41051266
41051402
41051973
41065237
41067243
41067653
41069158
41074550
41074702
41082404
41084815
41089242
41093217
41094411
41094603
41096312
41098608
41099465
41104836
41106084
41110750
41111309
41111969
41116071
41118152
41127669
41129410
41130012
41133343
41134326
41140848
41142824
41143869
41147102
41148674
41161689
41163619
41167875
41174573
41175797
41181769
41181973
41182909
41191143
41191248
41192414
41194626
41197276
41197564
41198180
41200754
41202647
41204529
41207399
41207797
41210773
41217433
41229192
41231992
41234600
41255793
41257586
41260164
41262224
41266433
41270811
41274622
41275008
41282387
41289136
41289555
41296714
41300950
41304159
41307521
41308462
41308860
41309576
41312400
41320914
41324814
41325006
41328426
41360627
41360901
41361479
41362074
41376364
41376459
41377612
41380947
41384716
41387282
41388988
41389012
41399979
41401159
41405662
41407811
41408548
41410845
41419785
41420481
41421836
41426174
41430615
41434337
41439377
41441119
41444240
41459854
41462280
41464728
41467231
41474029
41475719
41477386
41477496
41479980
41481664
41484215
41485858
41489339
41489543
41496220
41496791
41502506
41504000
41506815
41509131
41521356
41523825
41527798
41532750
41535458
41541257
41544499
41546077
41556090
41557174
41558784
41565833
41571810
41572243
41573163
41575663
41579584
41579977
41582136
41588714
41591952
41608929
41609173
41611109
41611863
41618368
41622875
41629074
41635376
41635753
41639606
41642760
41644621
41646330
41647706
41651136
41651162
41661453
41662923
41670803
41674478
41675103
41678509
41679895
41683126
41691865
41694871
41695608
41697872
41701553
41707210
41709437
41711556
41711865
41713637
41721124
41721611
41724020
41727739
41747556
41754825
41754982
41759598
41760639
41766013
41770873
41775494
41778034
41780677
41781733
41784598
41785628
41792546
41795348
41802166
41809952
41817392
41832379
41838653
41855024
41859263
41859998
41875350
41875873
41877996
41887024
41892690
41897682
41901625
41902744
41904254
41906728
41908814
41911455
41915973
41918052
41918487
41927182
41948752
41966436
41971142
41977301
41978352
41979424
41985464
41985972
41988858
41992529
41993653
41994730
41997621
42005198
42007197
42009257
42012668
42017095
42017205
42022131
42024579
42024872
42029074
42046896
42053767
42055083
42055633
42063288
42065484
42067282
42073076
42082379
42090149
42097867
42101972
42111399
42111729
42115608
42117301
42123190
42128126
42129123
42129720
42132434
42134898
42139854
42140000
42155614
42171285
42171809
42179001
42185565
42186684
42190250
42194187
42197663
42198438
42201052
42202428
42204378
42208241
42208959
42223453
42228535
42232630
42234109
42236085
42239149
42241823
42250288
42282147
42283266
42293934
42294220
42304432
42314990
42320035
42323214
42328778
42332957
42335209
42342849
42342991
42352617
42360555
42366902
42369290
42383619
42385438
42387592
42389516
42402050
42402767
42405794
42418101
42425632
42427535
42428193
42431756
42435593
42438057
42440226
42442251
42442490
42446521
42451636
42453722
42454019
42456330
42457491
42465549
42465649
42470905
42481168
42481194
42481262
42491789
42495254
42500295
42502638
42511642
42523333
42535244
42542382
42543056
42544568
42545844
42557687
42558612
42559506
42561185
42569755
42575858
42579407
42583775
42596071
42597583
42601505
42602226
42602859
42605232
42606084
42612276
42613463
42617248
42618477
42621170
42624648
42628532
42635246
42642929
42655990
42662091
42662835
42668313
42673370
42675598
42677580
42680530
42693800
42695183
42704047
42704450
42705852
42710160
42717344
42718180
42718751
42718931
42729847
42736435
42737313
42738810
42739766
42742077
42746003
42756975
42758616
42762774
42768053
42768598
42769130
42770570
42783197
42784981
42786381
42789581
42789817
42793095
42800168
42806821
42810948
42812050
42815443
42815815
42828845
42843224
42854058
42859365
42859370
42864600
42870184
42882216
42892177
42914860
42934824
42938640
42941323
42947000
42956110
42957841
42970511
42971033
42976157
42991573
42994417
43003413
43005892
43012009
43012779
43034986
43035094
43035293
43037877
43038226
43044884
43045427
43045542
43046106
43047529
43049442
43049505
43049704
43049824
43055629
43062217
43068769
43071876
43083766
43093732
43093884
43098662
43104576
43115923
43126914
43127829
43130354
43131381
43131699
43138123
43143767
43145015
43149800
43153728
43155348
43155636
43159489
43160688
43164200
43165314
43166957
43173524
43174140
43176090
43178407
43207322
43208965
43210213
43211852
43215333
43219610
43221310
43221923
43223213
43237362
43240396
43241248
43259721
43261044
43268432
43268537
43273568
43280140
43281102
43281359
43283859
43287099
43290819
43293720
43300491
43302923
43305374
43312030
43312329
43316700
43324549
43329374
43333375
43338504
43353688
43358625
43360943
43362385
43363588
43372938
43377339
43378641
43378924
43379142
43379179
43380100
43382464
43386706
43386830
43391055
43394239
43396812
43398652
43400907
43401193
43413078
43415075
43417994
43418296
43426878
43440489
43444732
43452468
43454643
43458187
43460039
43466458
43468923
43469326
43474775
43477849
43480343
43481415
43483810
43484050
43485619
43485624
43485818
43493944
43508494
43508761
43509084
43514340
43515611
43522812
43523554
43526618
43535533
43535774
43539424
43543811
43550305
43550656
43553065
43554980
43555020
43560800
43578158
43587508
43587927
43588590
43592722
43593773
43595498
43595718
43602646
43606077
43606294
43610054
43614604
43616025
43620691
43622380
43627990
43630390
43632293
43633255
43644754
43653093
43656471
43661668
43664042
43672556
43672802
43692881
43695814
43700022
43700745
43700991
43707075
43713272
43715332
43720981
43723673
43735888
43738098
43740091
43741336
43742223
43750581
43763103
43764018
43782257
43783381
43802880
43803376
43803439
43807517
43809493
43816118
43821107
43823193
43823214
43823979
43824663
43833856
43839198
43849054
43849358
43851985
43856035
43865914
43876905
43882589
43890296
43890977
43892555
43895603
43897155
43900864
43902505
43902531
43902589
43902678
43905113
43905312
43909521
43911958
43920868
43921444
43921795
43929265
43931159
43934668
43953607
43957245
43964404
43967384
43973775
43986192
43996415
43997382
44010180
44017720
44054495
44058568
44061036
44061209
44064807
44102124
44118658
44119049
44131202
44134659
44140730
44146140
44163318
44164725
44165850
44166722
44172029
44174670
44177320
44178036
44179815
44192459
44200752
44207632
44213397
44214880
44221950
44226220
44228385
44233966
44234032
44237206
44242897
44247586
44254085
44261951
44262688
44264706
44265935
44279450
44284319
44300796
44308905
44314793
44316497
44321329
44323071
44333879
44336686
44345884
44350627
44363416
44387458
44392803
44395034
44396022
44396855
44399678
44412101
44413634
44414287
44437592
44446429
44454204
44454293
44457776
44487973
44488825
44503481
44526734
44542583
44545453
44558546
44590804
44595090
44597826
44607446
44616733
44622265
44635227
44647283
44662748
44667730
44677052
44687186
44699736
44700788
44703621
44704562
44706858
44716726
44717435
44721189
44724835
44725954
44727587
44731706
44735213
44740794
44744228
44747826
44749074
44750996
44763607
44768280
44773987
44780329
44783707
44783760
44787298
44790012
44800224
44805353
44816035
44823812
44826923
44842276
44851614
44852864
44863038
44865978
44867121
44884739
44888361
44895955
44896456
44902726
44910868
44917030
44929397
44932216
44934386
44942549
44943034
44947243
44953786
44955144
44963883
44968394
44968504
44970487
44972615
44983082
44988887
44990110
44996133
44996615
45001010
45002047
45002741
45007304
45016953
45025072
45027038
45028225
45030454
45040200
45040237
45047651
45050858
45052525
45053890
45070460
45071108
45072845
45082004
45084866
45087207
45088420
45103836
45104960
45108237
45114476
45118203
45126853
45146162
45158382
45162907
45167140
45168118
45175680
45179093
45180376
45201597
45204831
45216480
45220523
45226352
45229133
45235629
45280844
45284571
45286982
45297711
45298029
45308760
45317910
45323594
45328849
45330219
45333466
45339777
45355584
45371082
45393719
45400762
45421494
45430231
45437022
45438984
45446173
45450698
45504329
45526929
45542322
45547514
45550642
45559446
45590397
45593874
45606250
45606731
45617193
45620122
45638611
45639945
45646224
45649141
45650534
45658093
45689556
45693410
45714744
45746535
45757552
45759552
45783650
45788664
45802657
45863128
45867604
45870025
45871013
45890570
47902744
59507935
63489341
65052752
69888708
76195070
80841593
183101001
183201001
184101001
190970829
191501366
191739085
205957654
221021524
312301001
319444458
352801001
383021006
390090479
397112739
416290274
490986710
526301001
550401001
577211167
590601001
600024102
667901001
668301001
710601001
745101001
770301001
772301001
773401001
781101001
1639200264
1744011249
1765716175
1770610277
1798218140
1814215277
1820805816
1832800186
1837300195
1873013670
1891600839
1946218643
2002311937
2029204080
2033500251
2036319396
2042810233
2057221092
2072000215
2073317716
2075119256
2087520456
2089400435
2099712553
2109917073
2116416630
2121300011
2131304207
2133119037
2155225045
2159717681
2165600389
2167801153
2178818901
2181609877
2185500728
2186220135
2188519057
2189316834
2191507444
2194310502
2209914610
2210215224
2210401102
2213220206
2214115778
2217021099
2217119791
2226804572
2229718294
2233805175
2242616755
2247501493
2248904399
2249218505
2255116454
2255903239
2258015130
2268003132
2271121601
2272800598
2274700510
2276117676
2279000175
2279703208
2287322883
2288600257
2295420334
2297304097
2300216776
2303901560
2304518334
2305200555
2305900655
2310000096
2317016058
2318514793
2323301378
2326701331
2326716097
2329518589
2329905679
2330208680
2332314976
2332901267
2337613985
2338014939
2349001467
2349115397
2349916310
2351211660
2357214379
2366416682
2366618310
2370504099
2376300633
2378816141
2381100602
2381420352
2381502833
2386000821
2386709776
2387600253
2387700205
2388002463
2389802881
2395301731
2401706373
2405301575
2407502052
2409017466
2409409381
2412518573
2416320261
2417000496
2420503794
2420807727
2423200298
2425216301
2428502334
2429012500
2439500915
2440000511
2440812432
2447261834
2452214490
2454500472
2455406319
2459820136
2464800662
2470000370
2471915359
2473700621
2474610497
2476711098
2478801736
2479811582
2480707094
2484217738
2485312558
2485922813
2488515511
2489207592
2489402327
2489402337
2489506173
2494800198
2496508898
2497000269
2497420500
2498221662
2498806277
2502911478
2504118684
2505600536
2505907237
2506400818
2508514796
2509416156
2510400358
2510400358
2511215255
2513200531
2514600218
2518003953
2520811611
2521706247
2523613290
2524104574
2529700336
2532515819
2534907799
2535302643
2536700116
2537000259
2540619825
2549103053
2549710158
2549902474
2556900514
2563903735
2564901350
2566004139
2566802959
2567200402
2569421435
2569713076
2572119166
2574718218
2577021734
2577522030
2577816107
2578216465
2579315230
2580400656
2582500597
2583718415
2586412332
2587800900
2588500175
2589600973
2593348553
2596211179
2602721670
2604312359
2606000092
2611018354
2611314055
2613100695
2615320941
2616211800
2616901956
2618514435
2619516817
2620200580
2621900408
2626511075
2627615997
2627820994
2631814594
2631921649
2632420597
2633400196
2634000089
2635814738
2636021536
2637306242
2640305634
2640720670
2644314738
2644412674
2651214262
2656515907
2660800675
2661105298
2662616586
2663217987
2666111275
2666801814
2666817230
2670619215
2671601104
2673201076
2673500195
2673518931
2675606670
2675817858
2676414971
2680505976
2681522054
2689309593
2689314956
2692617297
2693600045
2695900492
2698700278
2704812580
2705100240
2705600482
2709712202
2710120334
2713720996
2714308313
2719413190
2719714797
2720521474
2720915071
2721414265
2721619239
2726211372
2727706030
2728217853
2730013171
2731912056
2734708391
2736010559
2739109319
2739400259
2741617344
2742109177
2743716610
2748416831
2748913715
2749009298
2757213701
2762506441
2764313993
2764521016
2766210731
2768908267
2770612510
2773813158
2774410458
2777112238
2777305038
2780510028
2780907692
2781417506
2782310350
2785318784
2787406458
2787409478
2789905792
2791018852
2793718789
2797700561
2798107999
2799411216
2799607826
2804222350
2808215518
2808613233
2808714517
2811716537
2815807449
2819614752
2820007919
2822700127
2823814593
2824011677
2825214973
2826007871
2834714079
2838316069
2838912854
2839511134
2845311773
2848207972
2854208185
2856700977
2856712550
2859613315
2861316910
2865920429
2866005493
2866217752
2866418736
2866608470
2868200521
2868410038
2868413626
2868500287
2869504680
2869512599
2870507386
2871104095
2872504578
2873117679
2874407842
2878616059
2879308539
2879712838
2881206971
2883415270
2883507949
2886806781
2888021474
2891421396
2892124179
2892604235
2892919214
2893021206
2893702333
2894114807
2894817248
2895308884
2896718912
2899019816
2899607931
2901710916
2901925597
2902707771
2905706274
2907106572
2909603733
2909911111
2912306657
2913208356
2916522498
2921014932
2921617755
2922405488
2924304329
2924805724
2924900686
2925401411
2926612995
2927412575
2927610199
2929717725
2930714819
2931316458
2932307022
2932508819
2933020138
2934221723
2935003914
2935223455
2935607478
2938202975
2939621196
2939914633
2941125172
2942506027
2943107861
2950600630
2952613511
2954200872
2955911590
2956011197
2956106331
2960519313
2961706714
2962415437
2964211727
2964218877
2965015930
2965213606
2966411292
2969607101
2972713184
2975006659
2978116558
2978401897
2980712179
2981509161
2986603103
2988103411
2991909133
2992301248
2993401677
2993701234
2997810214
2998203832
2998910098
2999105296
3002218273
3004813645
3004918983
3005608763
3005822597
3006317071
3009022333
3010614265
3011722398
3012019973
3012102113
3015615751
3015808715
3019405014
3027805224
3028707514
3029909073
3030613158
3031900938
3032709702
3032809817
3033711281
3033912458
3034211099
3035408285
3036818359
3039318975
3039704955
3041324133
3041510935
3042715737
3045210199
3045303809
3046109862
3046111754
3049016470
3051300997
3052805391
3054811573
3059920153
3060404796
3061701354
3063815918
3064407500
3067313715
3068710932
3069500125
3072018715
3073119441
3073918716
3079505607
3079515759
3081710190
3084513481
3086601302
3086622250
3087514211
3087710989
3088403678
3088613214
3090713851
3091218377
3093219676
3094306770
3094618014
3094713181
3096718575
3097407157
3097708340
3100205240
3100923359
3101315791
3102020613
3102822330
3105022393
3105220370
3106503258
3108718230
3110613593
3112303453
3113313094
3115900570
3116522057
3117911985
3118022418
3119401942
3119706821
3120418119
3122404511
3124100667
3124709899
3124812163
3125611077
3127125247
3127510169
3131310632
3135001638
3137709093
3141103235
3143615906
3145008281
3147319283
3148110592
3149022340
3149616587
3154206916
3158416350
3159318088
3159406709
3159907255
3161821125
3164220203
3164221098
3166005057
3167820294
3174311713
3174321777
3174607256
3175203955
3176711632
3180717628
3182503139
3185715982
3185911931
3186905192
3187416771
3187812822
3188406236
3190002670
3193623735
3194305103
3194813699
3194915117
3197503955
3198921318
3200203609
3200208235
3200210975
3202503518
3203518700
3203609935
3205913711
3206102014
3206604676
3209805550
3210716974
3211612773
3213213008
3214114977
3214418916
3215313213
3216219715
3217514379
3218005741
3218309585
3218709661
3218806821
3219107571
3220515892
3222000521
3223212309
3225416151
3226022183
3227018759
3227516912
3228512088
3229615456
3230308104
3234311115
3236923573
3239921668
3242807579
3244213958
3245301839
3245903933
3246301808
3249003698
3249807828
3250002715
3256204919
3257217260
3258816839
3262308619
3264212015
3267413858
3271008955
3271600298
3274615738
3277303199
3277318095
3277612278
3283307709
3284706030
3285116733
3288119431
3289707157
3290818710
3296516001
3296610503
3296911186
3298018037
3302613645
3304911556
3305410586
3307810114
3309407698
3309914835
3309917147
3310317921
3310915246
3312012670
3319619754
3321317194
3329113091
3329502255
3330820333
3335512254
3337113477
3346008939
3346913579
3355502356
3357112891
3359902657
3360315562
3361909218
3362913889
3363615352
3363615943
3364203101
3365312801
3367002929
3368309915
3377101322
3382312669
3382517130
3384113948
3387907913
3388702540
3390803543
3393401989
3393708931
3395913410
3396906100
3397610940
3399113103
3401304696
3402114207
3405003210
3405104160
3407701318
3407701739
3410313936
3411111080
3421809967
3422309739
3422611703
3428502695
3432408518
3434414477
3436702804
3441706607
3445906701
3451006415
3453410107
3466805909
3473014124
3474212232
3476714604
3487403573
3498202138
3501212332
3503606252
3504606864
3505204410
3508511997
3508614349
3511006776
3528807591
3532103486
3545208972
3545711153
3559405117
3572506647
3585008759
3600210066
3600911697
3608704903
3616808651
3629507150
3632509637
3635408505
3636910931
3645708998
3651002137
3665010215
3685809980
3686907814
3688807454
3708012459
3716208941
3720101240
3732603764
3738005466
3749903560
3750303642
3758902530
3762504149
3765101106
3774302263
3791308576
3801412924
3805507118
3818411876
3828407157
3840406746
3843303090
3849000874
3893311872
3895708503
5028185113
5223144767
25904025761
117774601178
398387510078
400289204612
